=== Depth-likeness test for d_wPow on simplewiki Articles topical ===

[1/5] Loading edges...
[2/5] BFS to compute depths from root...
  Reachable: 79375, max depth: 17
[3/5] Computing D, b_eff on Articles topical subgraph...
  E[d_c] = 4.914  E[d_c²] = 208.35  (nodes with children: 38628)
  E[d_p] = 2.392  E[d_p²] = 6.84  (nodes with parents:  79374)
  D = 4.914  b_eff = 14.828  b_eff·D = 72.87

[4/5] Computing d_wPow for sampled nodes per depth (cc=5.0, FIXED budget=15)...
  Testing depths: [1, 2, 3, 4, 5, 6, 7, 8, 9, 10, 11, 12, 13, 14, 15]
  Samples per depth: 5

   depth       node  budget      paths     d_wPow    diff
       1      65947      15        526     2.0088  +1.009  (0.00s)
       1    1192069      15       1823     2.0451  +1.045  (0.01s)
       1    1189017      15        120     2.1026  +1.103  (0.00s)
       1      23058      15        906     2.0171  +1.017  (0.01s)
       1      21113      15          1     2.0000  +1.000  (0.00s)
       2    1192055      15       2382     3.0635  +1.064  (0.02s)
       2       6534      15       5319     3.2382  +1.238  (0.04s)
       2      25557      15       2028     3.0635  +1.063  (0.01s)
       2     140365      15        584     3.0178  +1.018  (0.00s)
       2    1232577      15       3349     3.0846  +1.085  (0.03s)
       3      73779      15      20607     4.4126  +1.413  (0.32s)
       3     435470      15       2428     4.0127  +1.013  (0.03s)
       3     938909      15       1486     4.2274  +1.227  (0.01s)
       3     907947      15       1465     4.2263  +1.226  (0.01s)
       3      41713      15       1395     4.1241  +1.124  (0.01s)
       4     476036      15       5286     5.6276  +1.628  (0.06s)
       4     319959      15       3098     5.4782  +1.478  (0.03s)
       4     910138      15       6638     5.3446  +1.345  (0.06s)
       4     352356      15      88678     6.0255  +2.025  (1.24s)
       4     943216      15      11435     5.5520  +1.552  (0.08s)
       5    1173331      15       7875     6.8550  +1.855  (0.08s)
       5     592674      15      27317     7.1586  +2.159  (0.29s)
       5      51626      15      15786     6.7675  +1.768  (0.20s)
       5    1247620      15       6496     6.7104  +1.710  (0.12s)
       5    1027973      15      30882     7.3129  +2.313  (0.32s)
       6    1127696      15      19266     8.3643  +2.364  (0.29s)
       6     420445      15       7007     7.6933  +1.693  (0.09s)
       6     507890      15      14043     7.9194  +1.919  (0.14s)
       6    1106599      15      27792     8.9403  +2.940  (0.39s)
       6     934827      15      62353     8.2646  +2.265  (1.10s)
       7    1236100      15      59927     9.7877  +2.788  (0.58s)
       7     180794      15       7259     9.2862  +2.286  (0.14s)
       7    1226588      15      57540     9.7524  +2.752  (0.89s)
       7     631075      15     209616    10.1297  +3.130  (3.93s)
       7    1051019      15       3890     9.0110  +2.011  (0.05s)
       8    1211656      15      17505    10.0496  +2.050  (0.22s)
       8     309311      15      17919    10.4830  +2.483  (0.14s)
       8    1232019      15       1287     9.3339  +1.334  (0.02s)
       8     737004      15       3791    10.2445  +2.244  (0.04s)
       8    1224918      15        826     9.1876  +1.188  (0.01s)
       9    1226911      15      27702    10.4876  +1.488  (0.31s)
       9    1234055      15        978     7.1928  -1.807  (0.01s)
       9    1245350      15      22015    10.3045  +1.304  (0.26s)
       9     845677      15        206     9.9736  +0.974  (0.00s)
       9     395561      15       1831    11.5062  +2.506  (0.04s)
      10    1028075      15        860     7.0146  -2.985  (0.03s)
      10    1189419      15        184    10.6224  +0.622  (0.00s)
      10     688191      15       5679    11.9596  +1.960  (0.05s)
      10     296005      15       4109    11.3238  +1.324  (0.04s)
      10    1089547      15        860     7.0146  -2.985  (0.03s)
      11     864517      15        649    11.0430  +0.043  (0.01s)
      11     980257      15        122    12.0702  +1.070  (0.00s)
      11     875918      15        647    10.3135  -0.687  (0.01s)
      11    1241112      15       1340    11.1029  +0.103  (0.02s)
      11    1206644      15        471    11.4170  +0.417  (0.01s)
      12    1249299      15        131    11.8981  -0.102  (0.00s)
      12    1213829      15         41     9.5602  -2.440  (0.00s)
      12     218920      15         43    12.5042  +0.504  (0.00s)
      12     218919      15         43    12.5042  +0.504  (0.00s)
      12    1059223      15         69     8.6173  -3.383  (0.00s)
      13     367491      15         53     9.8388  -3.161  (0.00s)
      13     991316      15         53     9.8388  -3.161  (0.00s)
      13      96907      15         53     9.8388  -3.161  (0.00s)
      13    1220084      15         37     9.5761  -3.424  (0.00s)
      13    1220094      15         37     9.5761  -3.424  (0.00s)
      14    1220178      15         24    10.7266  -3.273  (0.00s)
      14    1219942      15         24    10.7266  -3.273  (0.00s)
      14    1219912      15         24    10.7266  -3.273  (0.00s)
      14    1220177      15         24    10.7266  -3.273  (0.00s)
      14     450687      15         24    10.7266  -3.273  (0.00s)
      15    1219919      15         13    11.6098  -3.390  (0.00s)
      15    1220116      15         13    11.6098  -3.390  (0.00s)
      15    1220164      15         13    11.6098  -3.390  (0.00s)
      15    1219904      15         13    11.6098  -3.390  (0.00s)
      15    1219945      15         13    11.6098  -3.390  (0.00s)

[5/5] Summary
  Overall (n=75):
    mean(d_wPow - depth) = +0.2227
    stdev               = 2.1569
    min diff            = -3.4239
    max diff            = +3.1297

  Per-depth:
   depth    n   mean(d_wPow)   mean(diff)  std(diff)
       1    5         2.0347      +1.0347     0.0372
       2    5         3.0935      +1.0935     0.0756
       3    5         4.2006      +1.2006     0.1323
       4    5         5.6056      +1.6056     0.2298
       5    5         6.9609      +1.9609     0.2342
       6    5         8.2364      +2.2364     0.4262
       7    5         9.5934      +2.5934     0.3960
       8    5         9.8597      +1.8597     0.5100
       9    5         9.8929      +0.8929     1.4438
      10    5         9.5870      -0.4130     2.1425
      11    5        11.1893      +0.1893     0.5699
      12    5        11.0168      -0.9832     1.6175
      13    5         9.7337      -3.2663     0.1287
      14    5        10.7266      -3.2734     0.0000
      15    5        11.6098      -3.3902     0.0000

  Verdict: WEAK: metric deviates substantially from depth
